numa contention

ignore %vmeff when it's 0. If it is bellow 90% you have contention.


00:00:01     pgpgin/s pgpgout/s   fault/s  majflt/s  pgfree/s pgscank/s pgscand/s pgsteal/s    %vmeff
00:10:01        16.31    170.23  13487.75      0.00   5715.56      0.00      0.00      0.00      0.00
00:20:01         0.52    143.95  11888.52      0.00   4493.41      0.00      0.00      0.00      0.00
00:30:01       727.69    933.88  13918.13      0.00   5258.32      0.00      0.00      0.00      0.00
00:40:01         0.75    139.55  13684.56      0.00   4777.04      0.00      0.00      0.00      0.00
00:50:01         1.69    121.04  12095.59      0.01   4280.85      0.00      0.00      0.00      0.00
01:00:01         3.49     81.29   3174.53      0.00   2519.76      0.00      0.00      0.00      0.00
01:10:01         1.43     83.74   2122.86      0.00    826.90      0.00      0.00      0.00      0.00
01:20:01         0.60     69.07   2082.04      0.00    847.74      0.00      0.00      0.00      0.00
01:30:01         0.48     56.83   2025.34      0.00    788.54      0.00      0.00      0.00      0.00
01:40:01         0.55     79.73   2034.13      0.00    975.87      0.00      0.00      0.00      0.00
01:50:01         0.46     63.38   2001.13      0.00    775.45      0.00      0.00      0.00      0.00
02:00:01         0.42     81.12   2049.07      0.00    923.19      0.00      0.00      0.00      0.00
02:10:01         0.51     74.11   2026.97      0.00    836.58      0.00      0.00      0.00      0.00
02:20:02         0.49     66.95   2008.94      0.00    768.23      0.00      0.00      0.00      0.00
02:30:01         7.03    800.84   4492.13      0.00   2722.28      0.00      0.00      0.00      0.00
02:40:01        23.15    388.96   3773.62      0.02   1579.52      0.00      0.00      0.00      0.00
02:50:01         0.43     72.28   1927.72      0.00    765.13      0.00      0.00      0.00      0.00
03:00:02         2.82    312.22   2980.78      0.00   1159.76      0.00      0.00      0.00      0.00
03:10:01         3.61    491.44   3421.00      0.00   1574.55      0.00      0.00      0.00      0.00
03:20:01        10.81    458.08   8423.78      0.00   3690.31      0.00      0.00      0.00      0.00
03:30:01         5.61     76.99   3984.99      0.00   1356.76      0.00      0.00      0.00      0.00
03:40:01     27702.84   1878.52   2357.91      0.60   6774.04   3960.30      0.00   3958.80     99.96
03:50:01         1.10     63.94   1861.52      0.02    694.62      0.00      0.00      0.00      0.00
04:00:01        11.50   1152.51   4941.89      0.15   2272.78    231.27      0.00    231.27    100.00
04:10:01         1.66     70.81   1963.44      0.05    802.55      0.00     11.21     11.21    100.00
04:20:01       166.39    653.27  10181.59      0.06   4655.18    960.63     70.00   1030.63    100.00

